0
SiO2 TiO2 Al2O3 Fe2O3 FeO MnO MgO CaO Na2O K2O P2O5 CO2 F S BaO
10000001 P 0 1 42.8  3.57  10.15  2.71  9.9  0.17  13.1  12.27  2.16  0.36  0.62  0.11  0.0  0.0  0.0 0.0 0.0 0.0 0.0 0.0
10000002 P 0 1 75.2  0.35  12.27  0.63  1.89  0.06  0.27  0.81  3.05  5.0  0.06  0.1  0.25  0.01  0.04 0.0 0.0 0.0 0.0 0.0
10000003 P 0 1 48.4  1.08  7.27  2.44  9.53  0.1  15.86  11.25  1.9  0.17  0.0  0.0  0.0  0.0  0.0 0.0 0.0 0.0 0.0 0.0
10000004 V 0 1 50.22  2.08  15.14  3.64  8.27  0.17  7.18  10.07  1.93  0.33  0.25  0.0  0.0  0.0  0.0 0.0 0.0 0.0 0.0 0.0
10000005 V 0 1 50.8  1.93  15.25  2.91  7.23  0.16  8.27  9.83  2.15  0.28  0.25  0.0  0.0  0.0  0.0 0.0 0.0 0.0 0.0 0.0
10000006 V 0 1 49.5  2.1  15.38  4.51  6.99  0.17  7.23  10.44  2.1  0.39  0.28  0.0  0.0  0.0  0.0 0.0 0.0 0.0 0.0 0.0
10000007 V 0 1 49.7  2.48  14.83  4.47  7.52  0.17  6.17  10.34  2.13  0.25  0.27  0.0  0.0  0.0  0.0 0.0 0.0 0.0 0.0 0.0
10000008 V 0 1 49.9  2.31  14.65  5.69  6.88  0.16  6.57  10.25  2.15  0.26  0.26  0.0  0.0  0.0  0.0 0.0 0.0 0.0 0.0 0.0
10000009 V 0 1 43.49  3.38  16.66  3.69  11.05  0.18  6.74  8.93  2.35  0.25  0.33  0.0  0.0  0.0  0.0 0.0 0.0 0.0 0.0 0.0
10000010 V 0 1 48.72  2.19  15.11  1.79  9.5  0.17  8.7  10.69  1.85  0.28  0.23  0.0  0.0  0.0  0.0 0.0 0.0 0.0 0.0 0.0
10000011 V 0 1 47.48  2.63  17.42  3.59  8.1  0.18  6.74  8.54  3.12  1.2  0.36  0.0  0.0  0.0  0.0 0.0 0.0 0.0 0.0 0.0
10000012 V 0 1 45.54  2.85  17.61  3.56  8.25  0.17  6.42  10.82  2.74  0.7  0.34  0.0  0.0  0.0  0.0 0.0 0.0 0.0 0.0 0.0
10000013 V 0 1 47.99  2.62  19.36  5.83  5.17  0.21  4.39  6.54  4.58  1.82  0.63  0.0  0.0  0.0  0.0 0.0 0.0 0.0 0.0 0.0
10000014 V 0 1 50.25  2.12  19.03  4.53  5.5  0.22  3.11  5.98  5.3  2.2  1.14  0.0  0.0  0.0  0.0 0.0 0.0 0.0 0.0 0.0
10000015 V 0 1 49.79  2.51  18.37  6.03  4.82  0.22  4.01  6.68  4.58  2.08  0.56  0.0  0.0  0.0  0.0 0.0 0.0 0.0 0.0 0.0
10000016 V 0 1 46.8  1.9  8.2  1.2  9.8  0.0  19.8  9.5  1.6  1.2  0.0  0.0  0.0  0.0  0.0 0.0 0.0 0.0 0.0 0.0
10000017 V 0 1 47.7  3.2  15.2  2.3  8.7  0.0  9.7  8.9  2.7  1.6  0.0  0.0  0.0  0.0  0.0 0.0 0.0 0.0 0.0 0.0
10000018 V 0 1 51.1  2.8  17.6  2.8  6.8  0.0  4.8  6.9  4.0  3.2  0.0  0.0  0.0  0.0  0.0 0.0 0.0 0.0 0.0 0.0
10000019 V 0 1 56.3  1.8  17.8  2.9  4.7  0.0  2.3  4.7  4.8  4.7  0.0  0.0  0.0  0.0  0.0 0.0 0.0 0.0 0.0 0.0
10000020 V 0 1 59.5  0.9  19.4  1.7  3.6  0.0  1.0  2.0  5.2  6.7  0.0  0.0  0.0  0.0  0.0 0.0 0.0 0.0 0.0 0.0
10000021 V 0 1 61.5  0.3  18.3  2.6  2.8  0.0  0.2  1.5  7.0  5.8  0.0  0.0  0.0  0.0  0.0 0.0 0.0 0.0 0.0 0.0
10000022 P 0 1 54.99  0.6  20.96  2.25  2.05  0.15  0.77  2.31  8.23  5.58  0.13  0.2  0.0  0.0  0.0 0.0 0.0 0.0 0.0 0.0
10000023 V 0 1 56.19  0.62  19.04  2.79  2.03  0.17  1.07  2.72  7.79  5.24  0.18  0.08  0.0  0.0  0.0 0.0 0.0 0.0 0.0 0.0
10000024 P 0 1 58.58  0.84  16.64  3.04  3.13  0.13  1.87  3.53  5.24  4.95  0.29  0.28  0.0  0.0  0.0 0.0 0.0 0.0 0.0 0.0
10000025 V 0 1 61.21  0.7  16.96  2.99  2.29  0.15  0.93  2.34  5.47  4.98  0.21  0.09  0.0  0.0  0.0 0.0 0.0 0.0 0.0 0.0
10000026 P 0 1 71.3  0.31  14.32  1.21  1.64  0.05  0.71  1.84  3.68  4.07  0.12  0.05  0.0  0.0  0.0 0.0 0.0 0.0 0.0 0.0
10000027 V 0 1 72.82  0.28  13.27  1.48  1.11  0.06  0.39  1.14  3.55  4.3  0.07  0.08  0.0  0.0  0.0 0.0 0.0 0.0 0.0 0.0
10000028 P 0 1 68.65  0.54  14.55  1.23  2.7  0.08  1.14  2.68  3.47  4.0  0.19  0.09  0.0  0.0  0.0 0.0 0.0 0.0 0.0 0.0
10000029 P 0 1 66.09  0.54  15.73  1.38  2.73  0.08  1.74  3.83  3.75  2.73  0.18  0.08  0.0  0.0  0.0 0.0 0.0 0.0 0.0 0.0
10000030 V 0 1 65.55  0.6  15.04  2.13  2.03  0.09  2.09  3.62  3.67  3.0  0.25  0.21  0.0  0.0  0.0 0.0 0.0 0.0 0.0 0.0
10000031 V 0 1 65.01  0.58  15.91  2.43  2.3  0.09  1.78  4.32  3.79  2.17  0.15  0.06  0.0  0.0  0.0 0.0 0.0 0.0 0.0 0.0
10000032 P 0 1 61.52  0.73  16.48  1.83  3.82  0.08  2.8  5.42  3.63  2.07  0.25  0.14  0.0  0.0  0.0 0.0 0.0 0.0 0.0 0.0
10000033 P 0 1 57.48  0.95  16.67  2.5  4.92  0.12  3.71  6.58  3.54  1.76  0.29  0.1  0.0  0.0  0.0 0.0 0.0 0.0 0.0 0.0
10000034 V 0 1 57.94  0.87  17.02  3.27  4.04  0.14  3.33  6.79  3.48  1.62  0.21  0.05  0.0  0.0  0.0 0.0 0.0 0.0 0.0 0.0
10000035 P 0 1 62.6  0.78  15.65  1.92  3.08  0.1  2.02  4.17  3.73  4.06  0.25  0.08  0.0  0.0  0.0 0.0 0.0 0.0 0.0 0.0
10000036 V 0 1 61.25  0.81  16.01  3.28  2.07  0.09  2.22  4.34  3.71  3.87  0.33  0.19  0.0  0.0  0.0 0.0 0.0 0.0 0.0 0.0
10000037 V 0 1 58.15  1.08  16.7  3.26  3.21  0.16  2.57  4.96  4.35  3.21  0.41  0.08  0.0  0.0  0.0 0.0 0.0 0.0 0.0 0.0
10000038 V 0 1 50.52  2.09  16.71  4.88  5.86  0.26  3.2  6.14  4.73  2.46  0.75  0.15  0.0  0.0  0.0 0.0 0.0 0.0 0.0 0.0
10000039 V 0 1 49.21  2.4  16.63  3.69  6.18  0.16  5.17  7.9  3.96  2.55  0.59  0.1  0.0  0.0  0.0 0.0 0.0 0.0 0.0 0.0
10000040 V 0 1 47.48  3.23  15.74  4.94  7.36  0.19  5.58  7.91  3.97  1.53  0.74  0.04  0.0  0.0  0.0 0.0 0.0 0.0 0.0 0.0
10000041 P 0 1 50.14  1.12  15.48  3.01  7.62  0.12  7.59  9.58  2.39  0.93  0.24  0.07  0.0  0.0  0.0 0.0 0.0 0.0 0.0 0.0
10000042 P 0 1 50.44  1.0  16.28  2.21  7.39  0.14  8.73  9.41  2.26  0.7  0.15  0.18  0.0  0.0  0.0 0.0 0.0 0.0 0.0 0.0
10000043 P 0 1 50.18  1.14  15.26  2.86  8.05  0.19  6.78  9.24  2.56  1.04  0.27  0.18  0.0  0.0  0.0 0.0 0.0 0.0 0.0 0.0
10000044 V 0 1 49.2  1.84  15.74  3.79  7.13  0.2  6.73  9.47  2.91  1.1  0.35  0.11  0.0  0.0  0.0 0.0 0.0 0.0 0.0 0.0
10000045 V 0 1 44.3  2.51  14.7  3.94  7.5  0.16  8.54  10.19  3.55  1.96  0.74  0.18  0.0  0.0  0.0 0.0 0.0 0.0 0.0 0.0
10000046 V 0 1 40.6  2.66  14.33  5.48  6.17  0.26  6.39  11.89  4.79  3.46  1.07  0.6  0.0  0.0  0.0 0.0 0.0 0.0 0.0 0.0
10000047 V 0 1 47.8  1.76  17.0  4.12  5.22  0.15  4.7  9.18  3.69  4.49  0.63  0.02  0.0  0.0  0.0 0.0 0.0 0.0 0.0 0.0
10000048 P 0 1 50.28  0.64  25.86  0.96  2.07  0.05  2.12  12.48  3.15  0.65  0.09  0.14  0.0  0.0  0.0 0.0 0.0 0.0 0.0 0.0
10000049 P 0 1 46.27  1.47  7.16  4.27  7.18  0.16  16.04  14.08  0.92  0.64  0.38  0.13  0.0  0.0  0.0 0.0 0.0 0.0 0.0 0.0
10000050 P 0 1 42.26  0.63  4.23  3.61  6.58  0.41  31.24  5.05  0.49  0.34  0.1  0.3  0.0  0.0  0.0 0.0 0.0 0.0 0.0 0.0
10000051 P 0 1 38.29  0.09  1.82  3.59  9.38  0.71  37.94  1.01  0.2  0.08  0.2  0.43  0.0  0.0  0.0 0.0 0.0 0.0 0.0 0.0
10000052 P 0 1 39.93  0.26  2.35  5.48  6.47  0.15  33.18  2.9  0.31  0.14  4.0  0.24  0.13  0.09  0.0 0.0 0.0 0.0 0.0 0.0
10000053 V 0 1 61.15  0.21  22.07  1.05  1.02  0.0  0.4  0.75  5.86  7.01  0.0  0.0  0.0  0.0  0.0 0.0 0.0 0.0 0.0 0.0
10000054 P 0 1 68.0  0.7  14.1  0.0  6.6  0.1  1.6  4.7  3.5  0.3  0.1  0.0  0.0  0.0  0.0 0.0 0.0 0.0 0.0 0.0
10000055 P 0 1 71.6  0.2  11.7  0.0  4.0  0.1  0.2  0.1  5.5  4.7  0.0  0.0  0.0  0.0  0.0 0.0 0.0 0.0 0.0 0.0
10000056 P 0 1 75.6  0.1  13.0  1.3  0.0  0.1  0.5  3.9  4.7  0.0  0.0  0.0  0.0  0.0  0.0 0.0 0.0 0.0 0.0 0.0
10000057 P 0 1 67.2  0.5  15.2  0.0  4.1  0.1  1.7  4.3  4.0  1.3  0.1  0.0  0.0  0.0  0.0 0.0 0.0 0.0 0.0 0.0
10000058 P 0 1 69.5  0.4  14.2  0.0  3.1  0.1  1.4  3.1  3.2  3.5  0.1  0.0  0.0  0.0  0.0 0.0 0.0 0.0 0.0 0.0
10000059 P 0 1 70.9  0.4  14.0  0.0  3.0  0.1  1.2  1.9  2.5  4.1  0.2  0.0  0.0  0.0  0.0 0.0 0.0 0.0 0.0 0.0
10000060 P 0 1 73.8  0.3  12.4  0.0  2.7  0.1  0.2  0.8  4.1  4.7  0.0  0.0  0.0  0.0  0.0 0.0 0.0 0.0 0.0 0.0
10000061 P 0 1 69.8  0.3  15.6  0.0  2.8  0.1  1.2  3.2  4.9  1.8  0.1  0.0  0.0  0.0  0.0 0.0 0.0 0.0 0.0 0.0
10000062 P 0 1 68.1  0.5  15.1  0.0  3.9  0.1  1.6  3.1  3.7  3.4  0.2  0.0  0.0  0.0  0.0 0.0 0.0 0.0 0.0 0.0
10000063 P 0 1 57.3  0.9  15.9  0.0  9.1  0.6  5.3  7.4  3.1  1.1  0.0  0.0  0.0  0.0  0.0 0.0 0.0 0.0 0.0 0.0
10000064 P 0 1 66.0  0.5  15.2  0.0  4.5  0.3  2.2  4.2  3.9  3.4  0.0  0.0  0.0  0.0  0.0 0.0 0.0 0.0 0.0 0.0
10000065 P 0 1 54.4  1.0  16.1  0.0  10.6  0.8  6.3  8.5  2.8  0.3  0.0  0.0  0.0  0.0  0.0 0.0 0.0 0.0 0.0 0.0
10000066 V 0 1 45.6  2.4  15.6  0.0  11.3  0.2  6.9  10.4  3.2  1.3  0.6  0.0  0.0  0.0  0.0 0.0 0.0 0.0 0.0 0.0
10000067 V 0 1 51.7  0.9  19.3  0.0  5.9  0.2  1.11  4.1  8.9  4.6  0.3  0.0  0.0  0.0  0.0 0.0 0.0 0.0 0.0 0.0
10000068 V 0 1 46.2  1.6  18.6  0.0  8.9  0.2  2.3  7.3  9.3  4.2  0.5  0.0  0.0  0.0  0.0 0.0 0.0 0.0 0.0 0.0
10000069 V 0 1 33.1  2.6  11.3  0.0  12.4  0.3  7.3  17.2  3.2  3.6  1.9  0.0  0.0  0.0  0.0 0.0 0.0 0.0 0.0 0.0
10000070 V 0 1 44.1  2.8  17.0  0.0  10.0  0.2  3.7  8.4  4.3  7.2  1.2  0.0  0.0  0.0  0.0 0.0 0.0 0.0 0.0 0.0
10000071 V 0 1 55.4  0.5  20.8  0.0  4.6  0.2  0.5  2.9  9.2  5.5  0.1  0.0  0.0  0.0  0.0 0.0 0.0 0.0 0.0 0.0
10000072 V 0 1 47.6  2.0  14.8  0.0  11.4  0.2  6.4  11.5  2.7  0.8  0.3  0.0  0.0  0.0  0.0 0.0 0.0 0.0 0.0 0.0
10000073 V 0 1 61.8  1.0  14.2  0.0  6.4  0.3  0.5  1.8  6.2  5.2  0.2  0.0  0.0  0.0  0.0 0.0 0.0 0.0 0.0 0.0
10000074 V 0 1 70.3  0.3  7.6  0.0  8.4  0.3  0.0  0.4  7.3  4.3  0.0  0.0  0.0  0.0  0.0 0.0 0.0 0.0 0.0 0.0
10000075 V 0 1 72.5  0.2  10.3  0.0  4.0  0.1  0.0  0.2  5.9  4.4  0.0  0.0  0.0  0.0  0.0 0.0 0.0 0.0 0.0 0.0
10000076 V 0 1 50.8  1.4  14.9  0.0  10.1  0.2  6.9  9.8  2.6  0.4  0.4  0.0  0.0  0.0  0.0 0.0 0.0 0.0 0.0 0.0
10000077 V 0 1 50.7  0.8  17.7  3.1  7.4  0.0  6.4  11.3  2.0  0.3  0.1  0.0  0.0  0.0  0.0 0.0 0.0 0.0 0.0 0.0
10000078 V 0 1 58.8  0.7  17.0  3.0  5.2  0.0  3.6  8.1  2.9  0.6  0.2  0.0  0.0  0.0  0.0 0.0 0.0 0.0 0.0 0.0
10000079 V 0 1 67.1  0.6  15.0  2.0  3.5  0.0  1.5  5.0  3.8  0.9  0.2  0.0  0.0  0.0  0.0 0.0 0.0 0.0 0.0 0.0
10000080 V 0 1 74.5  0.4  12.9  1.4  1.7  0.0  0.6  2.8  4.0  1.1  0.1  0.0  0.0  0.0  0.0 0.0 0.0 0.0 0.0 0.0
10000081 V 0 1 50.1  1.0  17.1  3.4  7.0  0.0  7.1  10.6  2.5  0.8  0.2  0.0  0.0  0.0  0.0 0.0 0.0 0.0 0.0 0.0
10000082 V 0 1 59.2  0.7  17.1  2.9  4.2  0.0  3.7  7.1  3.2  1.3  0.2  0.0  0.0  0.0  0.0 0.0 0.0 0.0 0.0 0.0
10000083 V 0 1 67.2  0.5  16.2  2.0  1.8  0.0  1.5  3.8  4.3  2.1  0.2  0.0  0.0  0.0  0.0 0.0 0.0 0.0 0.0 0.0
10000084 V 0 1 75.2  0.2  13.5  1.0  1.1  0.0  0.5  1.6  4.2  2.7  0.1  0.0  0.0  0.0  0.0 0.0 0.0 0.0 0.0 0.0
10000085 V 0 1 49.8  1.6  16.5  3.9  6.4  0.0  6.8  9.4  3.3  1.6  0.5  0.0  0.0  0.0  0.0 0.0 0.0 0.0 0.0 0.0
10000086 V 0 1 59.4  0.9  16.8  3.6  3.0  0.0  3.2  6.0  3.6  2.8  0.4  0.0  0.0  0.0  0.0 0.0 0.0 0.0 0.0 0.0
10000087 V 0 1 67.5  0.6  16.0  2.0  1.5  0.0  1.1  3.0  4.0  3.9  0.2  0.0  0.0  0.0  0.0 0.0 0.0 0.0 0.0 0.0
10000088 V 0 1 75.6  0.2  13.3  0.9  0.5  0.0  0.3  0.9  3.6  4.5  0.1  0.0  0.0  0.0  0.0 0.0 0.0 0.0 0.0 0.0
10000089 V 0 1 51.1  2.24  15.1  0.0  13.0  0.22  5.07  9.31  2.58  0.91  0.42  0.0  0.0  0.0  0.0 0.0 0.0 0.0 0.0 0.0
10000090 V 0 1 49.5  2.41  16.3  0.0  12.4  0.2  6.06  9.15  2.58  0.93  0.41  0.0  0.0  0.0  0.0 0.0 0.0 0.0 0.0 0.0
10000091 V 0 1 53.8  1.78  14.5  0.0  11.4  0.19  5.25  9.07  2.83  1.05  0.28  0.0  0.0  0.0  0.0 0.0 0.0 0.0 0.0 0.0
10000092 V 0 1 55.9  2.27  14.0  0.0  11.8  0.19  3.36  6.88  3.14  1.99  0.43  0.0  0.0  0.0  0.0 0.0 0.0 0.0 0.0 0.0
10000093 V 0 1 51.6  2.71  13.9  0.0  12.3  0.24  4.44  8.12  3.36  2.02  1.39  0.0  0.0  0.0  0.0 0.0 0.0 0.0 0.0 0.0
10000094 V 0 1 50.0  1.0  17.1  0.0  10.0  0.14  7.84  11.0  2.44  0.27  0.19  0.0  0.0  0.0  0.0 0.0 0.0 0.0 0.0 0.0
10000095 V 0 1 52.3  3.17  13.2  0.0  14.4  0.22  4.04  7.9  2.67  1.41  0.71  0.0  0.0  0.0  0.0 0.0 0.0 0.0 0.0 0.0
10000096 V 0 1 51.2  3.13  14.1  0.0  13.9  0.23  4.39  8.48  2.72  1.22  0.67  0.0  0.0  0.0  0.0 0.0 0.0 0.0 0.0 0.0
10000097 V 0 1 54.7  2.8  14.1  0.0  12.6  0.17  2.71  6.14  3.2  2.68  0.88  0.0  0.0  0.0  0.0 0.0 0.0 0.0 0.0 0.0
10000098 V 0 1 50.7  1.45  16.2  0.0  9.64  0.17  8.19  10.7  2.22  0.51  0.18  0.0  0.0  0.0  0.0 0.0 0.0 0.0 0.0 0.0
10000099 V 0 1 47.5  3.79  12.5  0.0  17.5  0.27  4.41  8.8  2.44  1.23  1.54  0.0  0.0  0.0  0.0 0.0 0.0 0.0 0.0 0.0
10000100 P 0 1 53.8  2.0  13.9  2.6  9.3  0.2  4.1  7.9  3.0  1.5  0.4  0.0  0.0  0.0  0.0 0.0 0.0 0.0 0.0 0.0
10000101 V 0 1 49.4  2.5  13.9  3.03  8.53  0.16  8.44  10.3  2.13  0.38  0.26  0.0  0.0  0.0  0.0 0.0 0.0 0.0 0.0 0.0
10000102 V 0 1 49.2  2.57  12.8  1.5  10.1  0.17  10.0  10.8  2.12  0.51  0.25  0.0  0.0  0.0  0.0 0.0 0.0 0.0 0.0 0.0
10000103 V 0 1 49.4  2.47  13.0  2.32  9.16  0.18  9.79  10.2  2.24  0.47  0.24  0.0  0.0  0.0  0.0 0.0 0.0 0.0 0.0 0.0
10000104 V 0 1 50.5  1.56  15.3  0.0  10.5  0.0  7.47  11.5  2.62  0.16  0.13  0.0  0.0  0.0  0.0 0.0 0.0 0.0 0.0 0.0
10000105 V 0 1 50.7  1.49  15.6  0.0  9.85  0.0  7.69  11.4  2.66  0.17  0.12  0.0  0.0  0.0  0.0 0.0 0.0 0.0 0.0 0.0
10000106 V 0 1 50.2  1.77  14.9  0.0  11.3  0.0  7.1  11.4  2.66  0.16  0.14  0.0  0.0  0.0  0.0 0.0 0.0 0.0 0.0 0.0
10000107 V 0 1 50.9  1.19  15.2  0.0  10.3  0.0  7.69  11.8  2.32  0.14  0.1  0.0  0.0  0.0  0.0 0.0 0.0 0.0 0.0 0.0
10000108 V 0 1 42.8  4.14  14.3  5.89  8.55  0.17  6.76  12.0  2.79  2.06  0.58  0.0  0.0  0.0  0.0 0.0 0.0 0.0 0.0 0.0
10000109 V 0 1 46.0  3.41  17.1  3.7  7.12  0.17  4.61  10.2  3.99  3.02  0.75  0.0  0.0  0.0  0.0 0.0 0.0 0.0 0.0 0.0
10000110 V 0 1 49.4  3.19  18.5  2.87  5.37  0.16  3.31  7.47  4.95  3.68  1.1  0.0  0.0  0.0  0.0 0.0 0.0 0.0 0.0 0.0
10000111 V 0 1 54.6  1.75  19.5  2.83  2.87  0.18  1.5  5.65  5.82  4.85  0.51  0.0  0.0  0.0  0.0 0.0 0.0 0.0 0.0 0.0
10000112 V 0 1 60.2  0.8  20.2  2.2  0.91  0.14  0.49  2.15  6.58  6.23  0.11  0.0  0.0  0.0  0.0 0.0 0.0 0.0 0.0 0.0
10000113 V 0 1 50.0  2.61  16.7  0.0  11.6  0.19  5.7  8.71  3.0  1.16  0.34  0.0  0.0  0.0  0.0 0.0 0.0 0.0 0.0 0.0
10000114 V 0 1 51.4  2.65  16.0  0.0  10.7  0.2  5.14  8.36  3.68  1.35  0.59  0.0  0.0  0.0  0.0 0.0 0.0 0.0 0.0 0.0
10000115 V 0 1 53.2  2.52  16.1  0.0  9.66  0.29  3.55  6.44  4.89  1.91  1.15  0.0  0.0  0.0  0.0 0.0 0.0 0.0 0.0 0.0
10000116 V 0 1 64.8  0.61  16.8  0.0  4.48  0.22  0.53  1.54  6.53  3.63  0.66  0.0  0.0  0.0  0.0 0.0 0.0 0.0 0.0 0.0
10000117 V 0 1 73.1  0.2  12.4  0.0  3.39  0.11  0.04  0.22  5.58  4.7  0.02  0.0  0.0  0.0  0.0 0.0 0.0 0.0 0.0 0.0
10000118 V 0 1 49.2  2.03  16.1  2.72  7.77  0.18  6.44  10.5  3.01  0.14  0.23  0.14  0.0  0.0  0.0 0.0 0.0 0.0 0.0 0.0
10000119 V 0 1 35.6  5.98  12.9  7.68  9.28  0.05  5.4  8.46  8.35  2.78  2.13  0.0  0.0  0.0  0.0 0.0 0.0 0.0 0.0 0.0
0
BARKER-TAB-4-4-&-4-6
MORSE-APPENDIX-1A
BROWNLOW-TAB-8-5
WINTER-TABLE-19-2
WINTER-TABLE-14-3 
WINTER-TAB-A-2-&-3
WINTER-TABLE-18-2
WINTER-TABLE-16-2 
WINTER-TABLE-15-3
WINTER-TABLE-14-1
WINTER-TABLE-14-2 
COXETAL-APPENDIX2
WINTER-TABLE-13-2 
WINTER-TABLE-14-4
PHILLIPOT-TAB-6-3
